a = 79, p = 115463236260131193319277581369543524663483908110172509405063202056861303663099214294810904526715709495462317939363614386916887548311064029005426253599870028437720914800290401160106551093788441979784889869234534529044351433627012188790204413099560693685275812891577197030804742482999213837998049966368266722311
51371015499706397659498563914,51853071943329407408895990421922012559276378810776865193911146743676022309859998548054979152382453192614312090718509829969613197510318605502610021978245087054239364124300609341752545977023761621190531207621955081604130754205865598221250827261033882023166999600775032886993641636350280370163249431014372667479
470915277802784845687542659364697603497090664285163068323789924864782818668270237637255541863306790241968987118473646099372,46149000638719664143005305537413061731454310628928865497474782157590082279467183144016724974885278597663612606082227444014554506108139618839231412668446599994051495579671333817917719772803445911355012339588297846286893923133728303561838843445739268889865052622579984389999508788738583622441536839088804719402
6476415932305438400464900205769912959996761577062977823872038210073332796067810969010299700217708065960437089872852979579352235922230335057468795288703582290399488389538797347521973593446571480878439921845943032831902506840740237167894402462592748747055599356886764,47720618357210310503505520986031389117872993444660457153872514385705093066846248871191889601392393482576126091777357925224773337285520439535435343465712888602587044607603104020998327761938175162052905935683811669555645757207061744578132247656059333515174113181522314508127279442916236323948620117742331592557
45728145388993258188709995652839431467210709326624184768585482629942324712870929096097961954088969098037399329650618184592706953952080658620,2960753693201092103983108579700519455161575719438632730940899517339837468850939764370488551915580173096681133109744590852225001935888496545038745828193478966593272698641834049589505719569503021764724921059604192948146611492652596998632732858710196603109920048185608596324840516566199704181622084894147876928
632981119540782214112315795506280257223632163590236627894438332089640277102082836981539095965714671983906606956376289966581431381715538152037540499762393504981523406137212,12917943184102261569415698093940363581684558116112505777831638806974592777532969713636716685466580127771052724068399034601977481819372433627825211132980963401004946525859507006682230281929842547922882021760001914717322545811367193031404862313204978692500781863051882371985080616366207803488757648614198061848
4565052560921424508474099679824215618952315968654478529554745354505809469428910678487656735313167221190410558717999139336726200438803435824092605632337900358268061608088890034791668402800594478852711400150,95137654537091478233013659166006170239784960313794365287471523870270243590580208731028842410384954133021992563649996669858502916038466518645399348143705752528314227899889397682034182450065578755130985936323200598814875019162898247458428160974443862167435461361194367969614691372206450991344794422670616766481
15153258952235795461946704688547150872398928256587423246695039612495785402739528647693645587826197354774323642889810864026326844002280984519985911068027512952921638144668640050081336223512718985633909343037336335234310010826776487077870728,89546580517269407796550397474274889017667051278912592409328852528657566453204874143503990926714520895081006425352597323099047724802238903715534102248119746815786049146853552543126845666287011870007766675359933535773155772789446637828573014980973929134880953198473690150487682508210594325265570392053928113661
403716479946645307019892077183124007553248682963156566030865568474669438388779178294070194009050751246406389102,84599021741511347330056679025264942080928971692758437493186467497220739634008756242624113782629425435694718825738337727553322292512034810408731725344080850975541412853105459297401912986238808582842499702902097149314442441557686282734291386345853235718604175497881659851547838258613646885962270886021308589983
11654688,31795444951449067040546574011667853916122005687635988377397124854686801794215062240471691035730708873466509820577981555265349146529864453991311026331532735418632447614878928106225774518075320673987941423889941878835394224029221635184220880905007102318919562819760530405462491065304739846713577385784001234789
49291994260436881130708255463649722002950,99458272208624947876571082983838853293434784838392765738907301957811206687293993458913457361874195167755930819134014898241131509376089690871670748375598611432757313897317484180224466782757746641554570458107245623240238633168572465079295311921755324643785045722111600499746305995698027367557731570795013721093
1151254601131658512205896121754467729959148123291323419191387342305507847348334815209421082081674802041699252140315798109647935506090590256961727180574113652562265868984439245852406262583891026211022831158187915286891940,53250996698714597396067241139573719481729258988977740248466941319459966552373478507108545499118839522770119295312524367245835302344543171121591941477470276257764718874954242951813912173844035491172428163987087498127116553973460052934324692598438569636420741368401378637127877162731923983234008141836683541121
6993741094218610257986740362605292383825915586623251541042786478882046010383004513330367830604567606357536406481779709499852605081057792513678009861649911034434298718746004941680641047328459313018482236701070888438032957576145529026588935505085550607024,110278142403616768814055005036401533328946093425669035514500471256707394690417840290122314602298054944733637179398775921146540994612418723755693789213125692446845552316115669723288482548147205019336279336089269783809028389522063083117222774398530486678986597369534853322700474898779228127887224270479447972430
120917948871380700254077985446697586029752783572994044895549038841724156789908059132823138,32569103856206436411857077878325925553449157718586724328534562221150465392851071564020268786764304221913270721057994293177692911882703494987746741265767829199975395490757415108889101290832114615509617897691240834885987642850819069458125097067411439496497063751694734639314189216285268156151919199910888611659
731407998612,70095227787884399636565308145086621926453711439069451056044381550082839718881456119006077493133286095874228376083554098237693503768326097827456389192797548708512794278430384216041662727902982545562931207608501366337352700690547717824254405556759817903400353117470769028216854569318898332482828263437031557456
3398363684889760706018656141617631472265939892320879801803741757737308223732494863066570052545543153562484427030747040539486111254311039384742506066406897647896246889018650835008076408192956326,36153824841686413665821298841467669162646823632858454240445037738576094345670530565213307854319003012535981694187398080056305810908304399020248157840770188696704710764000499641363720236238198360380944154488498705491891009383814831289510975674051916112800625386044666293136455108161692560879397506641265103256
52744411709775172599010746302811426634999575403016505945069531242629645804064130527860356293512916091259942023517658649630907050028096431714994430667844693577304833658630049971693098184550740810269733365255970527361775419310,57949093673512826266089441918331254151696739017844435977910844526334235425435444229231471271817395060027588401225611065627221328351242262077378179298980940939336584186430657828870839882560688135919534584050279795634060105315353940135567112746638033267793018000922274275700640331549735052852781668005620276759
401207248286168373468424150540925473754845513279441138929298814846504405665027131695118054056298040282254034207452928388811823270765321362775255370112984459985997978969874154531194659332022588955644165224075436789834271749025071890904706304102949664960453590,92942624176096315871238001261951561465919631274386128258231204963418236875499925565005318785171576590280985919514528651289424173762821041926868953575938772474288611596015016821297081986601825600557789814234659210632197584139127776006297361096214445322810209928894609341016648836748917953960585149540896380511
8986838369756589807523152024660433562314034522036992162744612859637263244728919555160762298204893380168122529672646245120094339189605822302791923114481464,31501022528004710954522015552739572856456882587337332541061712576368600755201654511226316978719254908653336488449348354787247817126911953444086776120340675314266844907825603209660577859577387722187303799768608012145490596071357332651717525661595755226044301947806950075728489801657115658415723804899788839329
108469658462934872042779740919564659103175099605596283589065404134671394086734,103560046737073501909489078167433208272410899903513481503299468174643634316889027268913271653765196057436910428625617837580353926280309053519825294852575580952971795087596047871877878419081571539702848300533942918737370077315001474087300557047239440063013633948144336881390170971333939058196960715057961332265
413859841166219828600294461350003567632321766217304720836524735596080633827975323016134453076484688475563520663880145747737124951821942572532932992240729315137651709319523895432427016258354818249728003201269543788474186898399648865102446002892223826134144046,71115355171911204381544079313766452806286063233562417098313621246121118066027634871720594091594573483983425020355394325686884923008605011879552028616359651744300327305915202197145786170900887208306835279009779574731638173007251628665481675080236343977412512233343011908706584113442197304347015991392020506621
1498956079492327478520296632103524866295588245716557532311400218311254569631069502912083946989204705874014421826139673481891135775115598816441223810594779339579393589306692877833874845129390359386233968868812881615686153296980441390835372245563798596821481033287302191988025582067662638902220,77622760376798104065222077119294642646496892468703821077308650759024655166675086586519753348296594229164428747159508972634618429408400378455649376145541745160502242496159739734924823971375971298235453707829373721610899248138307306201039625817410309367621190940082576079005589842600578551868379382556163689664
141031933695416734420299796118341934677596888481561811080089110540438248282523297617877725400046422101487808553178973688972035755199110230,86271251795536324809025879353758674590025873433483230028204851530514257163605706713562911573780868724014718586516362546161075780462684476593171512324530473344877675476982402003898818821362731240365463550800228193175909187422063869053989805260190178805932365995164229477961435627109596777238518098140696752591
553436161387104860975072796944445856303081023186021986441590530974970576576692372589741209271705835837198265794413527156336496289699941258876151872894552260736425143365258,34614307005021026759622531013745208906103583710181932599384862057849536678628880215165807520221127568381024482504081530437714285430719306156419222899581806621404541949429113720153662545979963422216555120088694823608876650308524437175640125800308961486539647952927012301957538412725695280408238641683680911625
11276064155027121829225546948245348487479980737297786172145549932603710937299678909277584205618091168352978137674555130216471329696040883671467292216704069467778242738688237531468482513067916555812046700,56962309038846593716317236186525118782021985420600423725940550624545741066261394385584857558672229825598480402093022014508605847517284364052681797227541792143724830078098801514408067941933066152447178622895761823898754863958934675112696953243409741651477995594548833604995269046999604161210211481529059534264
63477703935379481264230487982078489246485985395552805940934049389729231145198274226386123450681986945889642280783265053970946425754489062172795285043754672566072899184034049815069919861947459688931424136126904466762767585114669160564844,15102131279381143566751054014390279568986984685278915596053262497163625181026173664935531194278107796588581349289480715989883497666191974246868880665939465201307695927871093466199183662132523451055286582227523331808315841464321732535921424451250093404325768653967984892912903809095859242039712157733752117103
